camera_matrix:
- - 604.070295286617
  - 0.0
  - 311.3628902968429
- - 0.0
  - 604.1024918136616
  - 235.21752333703026
- - 0.0
  - 0.0
  - 1.0
dist_coeff:
- - 0.26268929438329897
  - -1.4747738850911642
  - -0.001194422721057746
  - -0.0009405230479656685
  - 2.5718806007625026
